1  1188453888
2  0
3  0
4  0
6  0
9  0
10  0
11  0
12  0
13  0
14  0
15  0
16  0
17  0
18  0
20  0
21  0
22  0
23  0
24  0
26  0
27  0
28  0
29  0
30  0
31  0
78  0
79  0
80  0
81  0
82  0
83  0
84  0
85  0
86  0
90  0
91  0
93  0
94  0
95  0
96  0
97  0
98  0
99  0
100  0
101  0
102  0
103  0
104  0
105  0
106  0
107  0
108  0
109  0
110  0
111  0
112  0
113  0
114  0
115  0
116  0
117  0
118  0
119  0
120  0
121  0
122  0
123  0
124  0
125  0
126  0
127  0
128  0
129  0
130  0
132  0
133  0
143  0
146  0
159  0
199  0
200  0
201  0
202  0
203  0
204  0
205  0
206  0
207  0
208  0
209  0
211  0
212  0
213  0
214  0
215  0
216  0
217  0
218  0
219  0
220  0
221  0
222  0
223  0
224  0
225  0
226  0
227  0
228  0
229  0
230  0
231  0
232  0
233  0
234  0
235  0
236  0
237  0
238  0
239  0
240  0
241  0
242  0
243  0
244  0
245  0
246  0
247  0
248  0
249  0
250  0
251  0
252  0
253  0
254  0
255  0
256  0
257  0
258  0
259  0
260  0
261  0
288  0
289  0
290  0
292  0
313  0
314  0
354  26607616
375  593920
383  3596288
385  0
387  48075264
388  0
389  10477568
390  1384448
393  22220800
395  25739264
399  614400
401  20480
404  589824
405  16695296
554  0
568  0
688  4591616
689  421888
705  6860800
707  8929280
727  5439488
728  94208
732  806912
734  1089536
736  659456
737  3616768
739  1081344
740  12193792
753  114688
754  5029888
757  1904640
762  1622016
771  31925248
774  167936
775  409600
779  4247552
780  2838528
789  0
811  2285568
819  2670592
826  4521984
846  7868416
915  1671168
916  8192
920  172032
962  69632
1068  274432
1335  15470592
1346  1015808
1370  145084416
1371  0
1377  2256896
1379  7286784
1383  147456
1384  2478080
1390  180224
1395  372736
1414  278528
1421  106496
1424  249856
1428  200704
1430  9461760
1435  106496
1440  106496
1445  516096
1450  0
1454  114688
1480  5292032
1552  0
1569  401408
1576  12288
1577  1630208
1580  1093632
1582  0
1585  147456
1590  4096
1595  0
1603  266240
1604  1458176
1608  577536
1611  98304
1625  1224704
1633  507904
1639  0
1647  0
1652  9056256
1656  90112
1673  56307712
1701  7622656
1709  5230592
1720  7634944
1723  6909952
1725  0
1739  0
1740  618496
1741  77824
1742  139264
1747  12288
1754  135168
1755  385024
1756  20480
1757  53248
1761  28672
1762  380928
1769  24576
1776  98304
1778  0
1788  106496
1789  8192
1796  0
1797  90112
1802  441344
1823  1990656
1828  2715648
1830  10612736
1860  53248
1913  59899904
2187  16371712
2213  8904704
2553  200704
2556  124092416
3281  55431168
3867  0
3985  0
4044  0
4180  0
11321  0
11322  0
11325  0
11326  0
11327  0
11328  0
21834  0
22049  0
22189  0
22194  0
22195  0
22219  0
22237  0
22257  0
22267  0
22276  0
22292  7118848
22304  376832
22313  0
22314  1130496
22315  0
